1,50.000000,0.000000,100,0
2,100.000000,50.000000,100,100
3,150.000000,100.000000,100,200
4,200.000000,150.000000,100,300
5,250.000000,200.000000,100,400
6,300.000000,250.000000,100,500
7,350.000000,300.000000,100,600
8,400.000000,350.000000,100,700
9,450.000000,400.000000,100,800
10,500.000000,450.000000,100,900
11,550.000000,500.000000,100,1000
12,600.000000,550.000000,100,1100
13,650.000000,600.000000,100,1200
14,700.000000,650.000000,100,1300
15,750.000000,700.000000,100,1400
16,800.000000,750.000000,100,1500
17,850.000000,800.000000,100,1600
18,900.000000,850.000000,100,1700
19,950.000000,900.000000,100,1800
20,1000.000000,950.000000,100,1900
21,1050.000000,1000.000000,100,2000
22,1100.000000,1050.000000,100,2100
23,1150.000000,1100.000000,100,2200
24,1200.000000,1150.000000,100,2300
25,1250.000000,1200.000000,100,2400
26,1300.000000,1250.000000,100,2500
27,1350.000000,1300.000000,100,2600
28,1400.000000,1350.000000,100,2700
29,1450.000000,1400.000000,100,2800
30,1500.000000,1450.000000,100,2900
31,1550.000000,1500.000000,100,3000
32,1600.000000,1550.000000,100,3100
33,1650.000000,1600.000000,100,3200
34,1700.000000,1650.000000,100,3300
35,1750.000000,1700.000000,100,3400
36,1800.000000,1750.000000,100,3500
37,1850.000000,1800.000000,100,3600
38,1900.000000,1850.000000,100,3700
39,1950.000000,1900.000000,100,3800
40,2000.000000,1950.000000,100,3900
41,2050.000000,2000.000000,100,4000
42,2100.000000,2050.000000,100,4100
43,2150.000000,2100.000000,100,4200
44,2200.000000,2150.000000,100,4300
45,2250.000000,2200.000000,100,4400
46,2300.000000,2250.000000,100,4500
47,2350.000000,2300.000000,100,4600
48,2400.000000,2350.000000,100,4700
49,2450.000000,2400.000000,100,4800
50,2500.000000,2450.000000,100,4900
51,2550.000000,2500.000000,100,5000
52,2600.000000,2550.000000,100,5100
53,2650.000000,2600.000000,100,5200
54,2700.000000,2650.000000,100,5300
55,2750.000000,2700.000000,100,5400
56,2800.000000,2750.000000,100,5500
57,2850.000000,2800.000000,100,5600
58,2900.000000,2850.000000,100,5700
59,2950.000000,2900.000000,100,5800
60,3000.000000,2950.000000,100,5900
61,3050.000000,3000.000000,100,6000
62,3100.000000,3050.000000,100,6100
63,3150.000000,3100.000000,100,6200
64,3200.000000,3150.000000,100,6300
65,3250.000000,3200.000000,100,6400
66,3300.000000,3250.000000,100,6500
67,3350.000000,3300.000000,100,6600
68,3400.000000,3350.000000,100,6700
69,3450.000000,3400.000000,100,6800
70,3500.000000,3450.000000,100,6900
71,3550.000000,3500.000000,100,7000
72,3600.000000,3550.000000,100,7100
73,3650.000000,3600.000000,100,7200
74,3700.000000,3650.000000,100,7300
75,3750.000000,3700.000000,100,7400
76,3800.000000,3750.000000,100,7500
77,3850.000000,3800.000000,100,7600
78,3900.000000,3850.000000,100,7700
79,3950.000000,3900.000000,100,7800
80,4000.000000,3950.000000,100,7900
81,4050.000000,4000.000000,100,8000
82,4100.000000,4050.000000,100,8100
83,4150.000000,4100.000000,100,8200
84,4200.000000,4150.000000,100,8300
85,4250.000000,4200.000000,100,8400
86,4300.000000,4250.000000,100,8500
87,4350.000000,4300.000000,100,8600
88,4400.000000,4350.000000,100,8700
89,4450.000000,4400.000000,100,8800
90,4500.000000,4450.000000,100,8900
91,4550.000000,4500.000000,100,9000
92,4600.000000,4550.000000,100,9100
93,4650.000000,4600.000000,100,9200
94,4700.000000,4650.000000,100,9300
95,4750.000000,4700.000000,100,9400
96,4800.000000,4750.000000,100,9500
97,4850.000000,4800.000000,100,9600
98,4900.000000,4850.000000,100,9700
99,4950.000000,4900.000000,100,9800
100,5000.000000,4950.000000,100,9900
101,5050.000000,5000.000000,100,10000
102,5100.000000,5050.000000,100,10100
103,5150.000000,5100.000000,100,10200
104,5200.000000,5150.000000,100,10300
105,5250.000000,5200.000000,100,10400
106,5300.000000,5250.000000,100,10500
107,5350.000000,5300.000000,100,10600
108,5400.000000,5350.000000,100,10700
109,5450.000000,5400.000000,100,10800
110,5500.000000,5450.000000,100,10900
111,5550.000000,5500.000000,100,11000
112,5600.000000,5550.000000,100,11100
113,5650.000000,5600.000000,100,11200
114,5700.000000,5650.000000,100,11300
115,5750.000000,5700.000000,100,11400
116,5800.000000,5750.000000,100,11500
117,5850.000000,5800.000000,100,11600
118,5900.000000,5850.000000,100,11700
119,5950.000000,5900.000000,100,11800
120,6000.000000,5950.000000,100,11900
121,6050.000000,6000.000000,100,12000
122,6100.000000,6050.000000,100,12100
123,6150.000000,6100.000000,100,12200
124,6200.000000,6150.000000,100,12300
125,6250.000000,6200.000000,100,12400
126,6300.000000,6250.000000,100,12500
127,6350.000000,6300.000000,100,12600
128,6400.000000,6350.000000,100,12700
129,6450.000000,6400.000000,100,12800
130,6500.000000,6450.000000,100,12900
131,6550.000000,6500.000000,100,13000
132,6600.000000,6550.000000,100,13100
133,6650.000000,6600.000000,100,13200
134,6700.000000,6650.000000,100,13300
135,6750.000000,6700.000000,100,13400
136,6800.000000,6750.000000,100,13500
137,6850.000000,6800.000000,100,13600
138,6900.000000,6850.000000,100,13700
139,6950.000000,6900.000000,100,13800
140,7000.000000,6950.000000,100,13900
141,7050.000000,7000.000000,100,14000
142,7100.000000,7050.000000,100,14100
143,7150.000000,7100.000000,100,14200
144,7200.000000,7150.000000,100,14300
145,7250.000000,7200.000000,100,14400
146,7300.000000,7250.000000,100,14500
147,7350.000000,7300.000000,100,14600
148,7400.000000,7350.000000,100,14700
149,7450.000000,7400.000000,100,14800
150,7500.000000,7450.000000,100,14900
